2079	0.5	11	2018	257	13
2080	3	11	2018	158	29
2081	2	11	2018	266	29
2082	10	11	2018	521	29
2083	5	11	2018	320	29
2084	3	11	2018	444	29
2085	10	11	2018	456	29
2086	0.25	11	2018	504	29
2087	1	11	2018	177	20
2088	1	11	2018	476	20
2089	4	11	2018	289	20
2090	0.0800000000000000017	11	2018	131	16
2091	0.0800000000000000017	11	2018	274	16
2092	0.0800000000000000017	11	2018	151	16
2093	0.0800000000000000017	11	2018	150	16
2094	0.0800000000000000017	11	2018	149	16
2095	1	11	2018	200	16
2096	1	11	2018	201	16
2097	1	11	2018	202	16
2098	1.5	11	2018	228	16
2099	0.0800000000000000017	11	2018	231	16
2100	0.0800000000000000017	11	2018	251	16
2101	0.5	11	2018	364	16
2102	0.330000000000000016	11	2018	365	16
2103	0.200000000000000011	11	2018	384	16
2104	0.0800000000000000017	11	2018	273	16
2105	0.330000000000000016	11	2018	531	16
2106	0.5	11	2018	499	16
2107	0.5	11	2018	227	32
2108	1.5	11	2018	529	32
2109	0.5	11	2018	266	31
2110	2.5	11	2018	109	31
2111	2	11	2018	530	31
2112	0.5	11	2018	442	31
2113	1.5	11	2018	147	31
2114	0.5	11	2018	153	14
2115	1.5	11	2018	243	14
2116	1	11	2018	381	14
2117	0.5	11	2018	442	14
2118	2	11	2018	444	14
2119	1	11	2018	456	14
2120	0.5	11	2018	243	14
2121	0.5	11	2018	456	14
2122	1	11	2018	529	32
2123	0.25	11	2018	148	5
2124	0.149999999999999994	11	2018	167	5
2125	0.149999999999999994	11	2018	182	5
2126	0.25	11	2018	442	5
2127	0.299999999999999989	11	2018	153	14
2128	2	11	2018	228	16
2129	0.5	11	2018	347	14
2130	0.5	11	2018	365	16
2131	0.25	11	2018	167	5
2132	0.25	11	2018	442	5
2133	1	11	2018	498	5
2134	1.5	11	2018	501	32
2135	0.5	11	2018	128	31
2136	1	11	2018	128	19
2137	3	11	2018	147	19
2138	0.5	11	2018	230	19
2139	0.5	11	2018	257	19
2140	0.5	11	2018	320	19
2141	0.5	11	2018	341	19
2142	0.5	11	2018	454	19
2143	0.330000000000000016	11	2018	200	16
2144	0.25	11	2018	202	16
2145	0.0200000000000000004	11	2018	273	16
2146	1	11	2018	381	14
2147	0.25	11	2018	222	42
2148	1	11	2018	522	42
2149	1	11	2018	230	42
2150	1	11	2018	521	42
2151	1	11	2018	316	42
2152	1	11	2018	320	42
2153	1	11	2018	328	42
2154	1	11	2018	342	42
2155	1	11	2018	347	42
2156	0.25	11	2018	403	42
2157	2	11	2018	406	42
2158	0.25	11	2018	416	42
2159	0.25	11	2018	95	13
2160	0.25	11	2018	128	13
2161	0.25	11	2018	257	13
2162	0.5	11	2018	341	13
2163	1	11	2018	398	13
2164	0.25	11	2018	491	13
2165	0.5	11	2018	456	13
2166	0.25	11	2018	456	13
2167	2.5	11	2018	230	11
2168	1.5	11	2018	517	11
2169	1.75	11	2018	523	53
2170	1	11	2018	228	16
2171	0.75	11	2018	230	42
2172	0.75	11	2018	521	42
2173	0.5	11	2018	328	42
2174	0.25	11	2018	167	18
2175	1	11	2018	182	18
2176	0.25	11	2018	296	18
2177	0.25	11	2018	293	18
2178	3.5	11	2018	292	18
2179	0.25	11	2018	407	18
2180	0.5	11	2018	519	18
2181	1	11	2018	357	16
2182	2	11	2018	166	9
2183	1	11	2018	216	9
2184	4	11	2018	223	9
2185	1	11	2018	253	9
2186	2	11	2018	266	9
2187	2	11	2018	298	9
2188	0.200000000000000011	11	2018	312	9
2189	1	11	2018	340	9
2190	1	11	2018	354	9
2191	0	11	2018	402	9
2192	1	11	2018	411	9
2193	1	11	2018	464	9
2194	1	11	2018	469	9
2195	1	11	2018	476	9
2196	1	11	2018	481	9
2197	0	11	2018	507	9
2198	3	11	2018	505	9
2199	1	11	2018	419	32
2200	2	11	2018	167	32
2201	0.25	11	2018	122	8
2202	0.200000000000000011	11	2018	123	8
2203	0.5	11	2018	526	8
2204	0.25	11	2018	405	8
2205	0.5	11	2018	444	8
2206	0.5	11	2018	513	8
2207	0.25	11	2018	470	8
2208	0.25	11	2018	472	8
2209	0.299999999999999989	11	2018	518	8
2210	0.25	11	2018	491	8
2211	3	11	2018	289	20
2212	1	11	2018	341	20
2213	1	11	2018	177	20
2214	2	11	2018	112	39
2215	3	11	2018	162	39
2216	2	11	2018	511	39
2217	1	11	2018	235	39
2218	2	11	2018	244	39
2219	1	11	2018	412	39
2220	4	11	2018	419	39
2221	1	11	2018	445	39
2222	3.5	11	2018	523	39
2223	1.5	11	2018	245	39
2224	1.5	11	2018	488	39
2225	1.5	11	2018	349	39
2226	0.5	11	2018	448	39
2227	3	11	2018	442	14
2228	1.5	11	2018	532	28
2229	2	11	2018	227	28
2231	1	11	2018	521	28
2232	2	11	2018	359	28
2233	3	11	2018	464	28
2235	4	11	2018	522	28
2236	2	11	2018	316	28
2237	0.5	11	2018	296	28
2238	0.5	11	2018	292	28
2239	3	11	2018	417	28
2240	2	11	2018	527	28
2241	0.5	11	2018	523	40
2242	2	11	2018	513	40
2243	1.25	11	2018	473	40
2244	0.25	11	2018	482	40
2245	0.5	11	2018	531	16
2246	1.5	11	2018	499	16
2247	1	11	2018	166	6
2248	1	11	2018	223	6
2249	1	11	2018	354	6
2250	0.5	11	2018	464	6
2251	2	11	2018	505	6
2252	1	11	2018	442	31
2253	0.25	11	2018	98	5
2254	0.5	11	2018	147	5
2255	0.149999999999999994	11	2018	148	5
2256	0.149999999999999994	11	2018	182	5
2257	0.25	11	2018	407	5
2258	1.5	11	2018	442	5
2259	0.149999999999999994	11	2018	98	5
2260	0.25	11	2018	274	16
2261	0.0800000000000000017	11	2018	201	16
2262	0.0800000000000000017	11	2018	364	16
2263	0.100000000000000006	11	2018	273	16
2264	0.100000000000000006	11	2018	499	16
2265	0.25	11	2018	534	52
2266	1.25	11	2018	519	52
2267	0.5	11	2018	531	52
2268	0.75	11	2018	535	52
2269	0.25	11	2018	483	52
2270	0.5	11	2018	497	52
2271	0.5	11	2018	128	19
2272	0.5	11	2018	147	19
2273	0.5	11	2018	257	19
2274	6	11	2018	341	19
2275	1.75	11	2018	228	16
2276	1	11	2018	227	23
2277	1.5	11	2018	511	23
2278	3	11	2018	243	23
2279	2	11	2018	340	23
2280	1	11	2018	357	23
2281	6	11	2018	406	23
2282	0.200000000000000011	11	2018	531	16
2283	0.25	11	2018	531	16
2284	1.12000000000000011	11	2018	522	40
2285	0.25	11	2018	470	40
2286	0.25	11	2018	473	40
2287	0.5	11	2018	405	40
2288	0.5	11	2018	536	40
2289	0.5	11	2018	223	6
2290	0.5	11	2018	520	6
2291	1	11	2018	354	6
2292	1	11	2018	505	6
2293	2	11	2018	505	6
2294	3	11	2018	517	11
2295	11	11	2018	406	4
2296	0.5	11	2018	227	32
2297	1	11	2018	501	32
2298	0.5	11	2018	529	32
2299	0.5	11	2018	501	32
2300	2	11	2018	289	20
2301	0.5	11	2018	381	14
2302	1	11	2018	403	14
2303	1	11	2018	442	14
2304	0.5	11	2018	444	14
2305	2	11	2018	257	13
2306	1	11	2018	289	13
2307	2	11	2018	406	42
2308	2	11	2018	532	28
2309	5	11	2018	537	28
2310	5	11	2018	288	28
2311	7	11	2018	538	28
2312	1	11	2018	521	28
2313	1	11	2018	359	28
2314	3	11	2018	526	28
2315	0.5	11	2018	227	32
2316	0.200000000000000011	11	2018	262	40
2317	0.200000000000000011	11	2018	260	40
2318	0.200000000000000011	11	2018	259	40
2319	0.200000000000000011	11	2018	265	40
2320	0.200000000000000011	11	2018	261	40
2321	0.25	11	2018	309	40
2322	0.75	11	2018	416	42
2323	1	11	2018	521	42
2324	0.25	11	2018	131	16
2325	0.0800000000000000017	11	2018	200	16
2326	0.0800000000000000017	11	2018	201	16
2327	0.0800000000000000017	11	2018	202	16
2328	0.25	11	2018	365	16
2329	3	11	2018	499	16
2330	2	11	2018	406	31
2331	0.5	11	2018	442	31
2332	0.5	11	2018	444	31
2333	2	11	2018	304	11
2334	0.349999999999999978	11	2018	131	16
2335	1	11	2018	523	28
2336	2	11	2018	316	28
2337	0.5	11	2018	109	13
2338	2.75	11	2018	456	13
2339	0.5	11	2018	131	16
2340	1	11	2018	109	31
2341	4	11	2018	527	31
2342	1	11	2018	444	31
2343	0.75	11	2018	122	8
2344	0.25	11	2018	247	8
2345	0.200000000000000011	11	2018	309	8
2346	0.25	11	2018	520	8
2347	0.200000000000000011	11	2018	526	8
2348	0.25	11	2018	368	8
2349	0.25	11	2018	369	8
2350	0.25	11	2018	377	8
2351	0.25	11	2018	375	8
2352	0.25	11	2018	371	8
2353	0.25	11	2018	372	8
2354	0.25	11	2018	373	8
2355	0.25	11	2018	370	8
2356	0.25	11	2018	374	8
2357	0.25	11	2018	376	8
2358	0.5	11	2018	405	8
2359	0.149999999999999994	11	2018	410	8
2360	0.5	11	2018	444	8
2361	0.400000000000000022	11	2018	513	8
2362	0.5	11	2018	470	8
2363	0.149999999999999994	11	2018	472	8
2377	0.75	11	2018	122	8
2378	0.25	11	2018	247	8
2379	0.200000000000000011	11	2018	309	8
2380	0.25	11	2018	520	8
2381	0.200000000000000011	11	2018	526	8
2382	0.25	11	2018	368	8
2383	0.25	11	2018	369	8
2384	0.25	11	2018	377	8
2385	0.25	11	2018	375	8
2386	0.25	11	2018	371	8
2387	0.25	11	2018	372	8
2388	0.25	11	2018	373	8
2389	0.25	11	2018	370	8
2390	0.25	11	2018	374	8
2391	0.25	11	2018	376	8
2392	0.5	11	2018	405	8
2393	0.149999999999999994	11	2018	410	8
2394	0.5	11	2018	444	8
2395	0.400000000000000022	11	2018	513	8
2396	0.5	11	2018	470	8
2397	0.149999999999999994	11	2018	472	8
2398	0.149999999999999994	11	2018	473	8
2399	0.5	11	2018	122	8
2400	0.149999999999999994	11	2018	247	8
2401	0.200000000000000011	11	2018	309	8
2402	0.149999999999999994	11	2018	526	8
2403	0.25	11	2018	368	8
2404	0.25	11	2018	369	8
2405	0.25	11	2018	377	8
2406	0.25	11	2018	375	8
2407	0.25	11	2018	371	8
2408	0.25	11	2018	372	8
2409	0.25	11	2018	373	8
2410	0.25	11	2018	370	8
2411	0.25	11	2018	374	8
2412	0.25	11	2018	376	8
2413	0.25	11	2018	405	8
2414	0.149999999999999994	11	2018	410	8
2415	0.200000000000000011	11	2018	444	8
2416	0.25	11	2018	513	8
2417	0.5	11	2018	470	8
2418	0.5	11	2018	472	8
2419	0.149999999999999994	11	2018	473	8
2420	1	11	2018	525	18
2421	1	11	2018	93	18
2422	0.5	11	2018	96	18
2423	2	11	2018	167	18
2424	0.25	11	2018	180	18
2425	1	11	2018	182	18
2426	1	11	2018	296	18
2427	3	11	2018	294	18
2428	2	11	2018	295	18
2429	1	11	2018	407	18
2430	1	11	2018	519	18
2431	0.25	11	2018	535	18
2432	1	11	2018	476	20
2433	0.5	11	2018	131	23
2434	0.5	11	2018	227	23
2435	0.5	11	2018	243	23
2436	1	11	2018	340	23
2437	1.5	11	2018	406	23
2438	2.5	11	2018	177	20
2439	4	11	2018	289	20
2440	0.5	11	2018	525	12
2441	0.5	11	2018	93	12
2442	0.25	11	2018	96	12
2443	0.25	11	2018	177	12
2444	0.25	11	2018	180	12
2445	0.25	11	2018	514	12
2446	2	11	2018	209	12
2447	0.5	11	2018	213	12
2448	0.25	11	2018	415	12
2449	1.25	11	2018	417	12
2450	2	11	2018	289	31
2451	0.5	11	2018	257	16
2452	1.5	11	2018	257	16
2453	4	11	2018	167	5
2454	0.149999999999999994	11	2018	182	5
2455	1	11	2018	442	5
2456	3.5	11	2018	95	12
2457	1	11	2018	147	31
2458	1	11	2018	328	31
2459	0.5	11	2018	341	31
2460	1	11	2018	406	31
2461	1	11	2018	442	31
2462	0.5	11	2018	444	31
2463	4	11	2018	511	44
2464	0.5	11	2018	289	44
2465	1	11	2018	499	44
2466	6	11	2018	320	44
2467	5	11	2018	112	4
2468	0.5	11	2018	227	32
2469	1	11	2018	419	32
2470	0.5	11	2018	501	32
2471	0.5	11	2018	511	23
2472	0.5	11	2018	243	23
2473	2.5	11	2018	340	23
2474	0.5	11	2018	406	23
2475	0.5	11	2018	501	23
2476	0.5	11	2018	530	13
2477	0.75	11	2018	128	13
2478	1	11	2018	158	13
2479	1	11	2018	341	13
2480	1	11	2018	456	13
2481	2	11	2018	468	13
2482	0.25	11	2018	491	13
2483	0.25	11	2018	534	52
2484	0.75	11	2018	519	52
2485	1	11	2018	531	52
2486	1	11	2018	535	52
2487	2.5	11	2018	230	11
2488	3	11	2018	359	11
2489	0.5	11	2018	235	11
2490	1	11	2018	304	11
2491	1.5	11	2018	228	16
2492	0.25	11	2018	365	16
2493	0.25	11	2018	531	16
